1,292.1748448370902,67.4596424516653,6.490534182298427,6.490534182298427
2,88.72260653462608,72.14798717652502,6.372506190735733,6.372506190735733
3,76.03463491780816,54.0435680973552,5.701196451772464,5.701196451772464
4,69.48457269487896,61.762888147457005,6.264565266220745,5.701196451772464
5,66.99158388335583,56.674523118853344,6.052712998032496,5.701196451772464
6,62.34602078323811,40.89198697226726,4.911343573932683,4.911343573932683
7,61.13771821697786,50.07754337100309,5.374160669637776,4.911343573932683
8,59.29795911646366,66.03724494929352,6.208905893457062,4.911343573932683
9,58.255296180349276,45.64156647816402,5.300045942861104,4.911343573932683
10,57.390773217874354,44.46298816583944,5.093853819835873,4.911343573932683
11,57.354642641893385,39.65733064248262,4.835967248962743,4.835967248962743
12,56.67148968167359,42.371651594489535,5.027486982067697,4.835967248962743
13,56.01606139821346,46.6159216212103,5.257467129181721,4.835967248962743
14,56.18092118229408,40.29167515375713,4.9311861983013685,4.835967248962743
15,55.53087920879767,40.97011632144784,4.856488208333232,4.835967248962743
16,54.53789428779268,42.55405427444373,5.167803478773085,4.835967248962743
17,54.46585892839264,39.39273317955476,4.974027412542259,4.835967248962743
18,53.87941761627881,43.26444927388219,5.231231902300461,4.835967248962743
19,53.525317446412686,40.576718521354664,5.0848806680394345,4.835967248962743
20,53.52285678507417,39.47376117008633,5.021837427242159,4.835967248962743
21,52.85670879099889,39.32242830185438,4.89034973163451,4.835967248962743
22,52.85558546462471,39.131718400835766,4.959979594751537,4.835967248962743
23,52.80178932560504,36.91669952477717,4.717743972333706,4.717743972333706
24,52.282007875616614,41.77384020716081,5.19601926194609,4.717743972333706
25,52.210793972770965,42.51786435855078,5.166253808264546,4.717743972333706
26,52.0029752749063,44.86847393984242,5.39567805962465,4.717743972333706
27,51.54113236064957,42.16483844915533,5.065243360941556,4.717743972333706
28,51.66341769001298,44.82549234805311,5.358381114091773,4.717743972333706
29,51.68328071788718,39.45672808680857,4.923212610707103,4.717743972333706
30,51.06703619988179,36.739223354881176,4.678637110218822,4.678637110218822
31,51.33624654461752,40.0409787917684,4.920367700301263,4.678637110218822
32,51.07678742627214,39.18607076324444,4.792944265461382,4.678637110218822
33,50.62637947573975,39.630393050135254,4.970321891770478,4.678637110218822
34,50.742364943737904,41.03878693837818,5.095708155292055,4.678637110218822
35,50.15051355798861,39.147925667192204,4.980516120357241,4.678637110218822
36,49.79786569724771,41.93536730279704,4.939992598399418,4.678637110218822
37,50.23643477502626,38.47295322406388,4.826447001467265,4.678637110218822
38,50.816502850802244,39.16629191030277,4.768013359963783,4.678637110218822
39,50.694329389834294,36.682985652254295,4.71599055725968,4.678637110218822
40,50.59854129761037,36.692738463844634,4.643188027218123,4.643188027218123
41,50.242251470488924,37.23162346808569,4.693118963933331,4.643188027218123
42,50.50103567177946,37.4261746959367,4.737378607015025,4.643188027218123
43,49.82716831387301,36.63143830556568,4.7146851479896315,4.643188027218123
44,50.04016620085398,42.84746941970286,5.231641907759949,4.643188027218123
45,50.805967979549415,40.43994902854962,5.053105034446834,4.643188027218123
46,49.5709462779824,37.752020460437414,4.7492053108191685,4.643188027218123
47,49.865774857287484,41.63038627686001,5.209867637052494,4.643188027218123
48,49.808247411756156,47.72099145746201,5.395112486411826,4.643188027218123
49,49.25695788797082,39.00274673338936,4.897780333848304,4.643188027218123
50,49.84736172462224,45.94295929768628,5.2588894602236955,4.643188027218123
51,49.09845216326002,38.758692341714045,4.9229028728979385,4.643188027218123
52,49.42365381212593,38.893761366993765,4.812697948023021,4.643188027218123
53,49.07413655122395,39.08165501395295,4.889751874210668,4.643188027218123
54,48.88304324917164,39.03692275873268,4.867054238647537,4.643188027218123
55,48.902439749228556,37.8820523393871,4.872523060069643,4.643188027218123
56,49.65359316466802,42.425323737014985,5.13343966413712,4.643188027218123
57,48.82711452177956,36.5951313484698,4.670210299695861,4.643188027218123
58,48.8843925865034,38.98675302267814,4.834474888782064,4.643188027218123
59,48.93686463713769,36.85223949879352,4.700671766532997,4.643188027218123
60,48.62249920510276,41.566583724474214,5.002756280774887,4.643188027218123
61,48.76092275723974,39.92307213028247,4.977030208372434,4.643188027218123
62,48.66833416094174,41.93800072335931,5.058640049025647,4.643188027218123
63,48.17224507714566,38.033924438609,4.8710477134860675,4.643188027218123
64,48.67168309352663,48.789562342407834,5.3631327676980005,4.643188027218123
65,48.096978285523726,41.44107731099611,4.95877654140068,4.643188027218123
66,47.97057210020144,38.101686152477704,4.794249480803857,4.643188027218123
67,48.039449721075854,38.987019554842945,4.807239553755437,4.643188027218123
68,48.45788175534923,41.62180769672619,5.00922567624153,4.643188027218123
69,48.026208050366805,40.247139930133855,4.860245748994074,4.643188027218123
70,48.369851887065956,37.42066823364561,4.738190487165741,4.643188027218123
71,47.976786440994836,37.19543235433523,4.729644451389679,4.643188027218123
72,48.04661598718047,37.01685336917657,4.753751223824886,4.643188027218123
73,48.409582905747996,39.835224955701264,4.891043788959577,4.643188027218123
74,47.38815620782414,35.50318847083927,4.625320682892205,4.625320682892205
75,47.45508223325682,44.51060704599606,5.192499895089913,4.625320682892205
76,47.36227432064381,39.30631876435253,4.974597368045246,4.625320682892205
77,47.678530018090626,35.43944642740381,4.538450509513008,4.538450509513008
78,47.56912700431001,41.085975006065674,4.936259031443587,4.538450509513008
79,47.06547976325308,38.17076121955205,4.9288015229614786,4.538450509513008
80,46.811883370941196,37.92762428562758,4.825340514588046,4.538450509513008
81,46.65002899590419,35.60369896223585,4.61098041286102,4.538450509513008
82,46.96607128677802,44.271659721000844,5.2104235115216815,4.538450509513008
83,46.73829808565324,38.058865504019465,4.650731965908705,4.538450509513008
84,46.866800463417256,37.894660242580876,4.832543417451105,4.538450509513008
85,46.61518025084524,39.64144355882714,4.818014096415568,4.538450509513008
86,46.231842442064746,36.33712207820204,4.735189978261949,4.538450509513008
87,46.54459665937749,37.148494940401235,4.717402491891746,4.538450509513008
88,46.38681724198802,35.607334051823955,4.59845203179716,4.538450509513008
89,46.04336953473592,37.54803876409749,4.661077290089768,4.538450509513008
90,46.3569293703821,38.37791719099637,4.786654931746575,4.538450509513008
91,46.016239250622,50.505796504626716,5.795355019329944,4.538450509513008
92,46.54411772577836,34.92466663826495,4.5410006523723565,4.538450509513008
93,46.22928929869323,36.782299711034675,4.710948182571326,4.538450509513008
94,46.01597886409096,36.845759993078396,4.821018956864908,4.538450509513008
95,45.538703733569704,40.080650143939664,5.006076287720711,4.538450509513008
96,45.97911881996441,38.16888686462138,4.896610137031304,4.538450509513008
97,45.87501428586386,35.78003350829605,4.517106843157282,4.517106843157282
98,45.78937710148689,36.03544321077918,4.731401473043576,4.517106843157282
99,45.824878746503146,37.78090233516043,4.7982656546283495,4.517106843157282
100,45.3257113859812,38.18364162409594,4.876416473010277,4.517106843157282
