1,239.5218389549873,63.90326280824457,6.3312360570804715,6.3312360570804715
2,79.60688227864738,55.44347940434304,5.719907435436686,5.719907435436686
3,70.63894959967834,79.59553414786446,7.159904496535262,5.719907435436686
4,64.5607211027234,45.547010947958846,5.359317422430484,5.359317422430484
5,62.458580684103396,81.73557958348671,7.091097163030692,5.359317422430484
6,60.239656834827386,44.1992365712345,5.247495354441331,5.247495354441331
7,57.851428008202724,40.4664300964696,4.9151414420688955,4.9151414420688955
8,57.34406563525277,40.3607114282219,4.914696560390825,4.914696560390825
9,57.09764674972182,39.66777090840065,4.976340592461791,4.914696560390825
10,55.52944603215979,40.616836912057,5.024811852887337,4.914696560390825
11,54.328395090553215,52.14089124836836,5.651437713282491,4.914696560390825
12,54.66825674190383,38.437609602188516,4.849225336915576,4.849225336915576
13,53.436335443752284,40.06873114243547,4.989528341464795,4.849225336915576
14,53.97574454033904,37.66590123138144,4.697485342575613,4.697485342575613
15,52.68161574155759,37.404370487068874,4.689398446884202,4.689398446884202
16,52.345146314415324,45.647975644929325,5.3171323905136,4.689398446884202
17,52.12059181468305,38.70164144933408,4.865536485779603,4.689398446884202
18,52.1114043866853,40.95156452630665,4.995671697381263,4.689398446884202
19,51.546011194852646,40.22894359240972,4.992277945928225,4.689398446884202
20,51.46251554525272,35.534729961719265,4.632824738721854,4.632824738721854
21,51.50514687640972,39.21598938305187,4.892900938730541,4.632824738721854
22,50.21346450106588,40.26628139753631,4.928193444135539,4.632824738721854
23,50.18185360074413,36.76630977245125,4.8399140487453325,4.632824738721854
24,49.78819453823866,38.786535356477856,4.806578490132511,4.632824738721854
25,49.76543131902881,35.991404288020554,4.619739227389521,4.619739227389521
26,49.31218881242406,36.57925317838779,4.7543527729675334,4.619739227389521
27,50.06535621982092,34.220073191482534,4.5929815714505615,4.5929815714505615
28,49.1960708959818,39.00460320796127,4.791693342744528,4.5929815714505615
29,49.07575670794869,43.2165246042345,5.115703473975033,4.5929815714505615
30,48.59023954080706,36.04185213868247,4.705199701033685,4.5929815714505615
31,48.956380612087216,44.78073013457022,5.353358962265364,4.5929815714505615
32,48.01856594210528,37.34796508439047,4.811736185507825,4.5929815714505615
33,48.48282621871838,38.871753238552635,4.840174320833475,4.5929815714505615
34,47.90952097478506,47.533445455240155,5.369122310669172,4.5929815714505615
35,48.133850082019016,34.243782734619636,4.567632636148887,4.567632636148887
36,47.84573834025363,37.82065994134987,4.789173450221649,4.567632636148887
37,48.34005430184107,33.88908024626494,4.496328889547633,4.496328889547633
38,48.51115664785335,36.78119108622221,4.780768889340273,4.496328889547633
39,47.76165794775973,39.71910216774322,5.12077786563275,4.496328889547633
40,47.059341292425636,42.286142002775,5.05713123338088,4.496328889547633
41,47.44132058632772,35.59427918341318,4.671649247019911,4.496328889547633
42,47.671018035289464,37.05109631372252,4.758405426460545,4.496328889547633
43,47.926789049391004,34.00980852792814,4.594451826252851,4.496328889547633
44,47.11277526529584,40.019305073690205,4.878435829006509,4.496328889547633
45,47.30338507181523,33.73972001995127,4.5335969351421435,4.496328889547633
46,46.866712326597764,34.431516092753306,4.559890236236705,4.496328889547633
47,46.83514300328963,41.81272011725561,5.116852539781451,4.496328889547633
48,46.95105957493797,36.47688880383562,4.706533106823405,4.496328889547633
49,47.19729258872048,36.259483240438556,4.733283048228898,4.496328889547633
50,46.67914947775204,38.492193646558086,4.698659548017451,4.496328889547633
51,47.128529402062355,34.4601103551478,4.59839507148492,4.496328889547633
52,47.31866498284204,38.115966723560916,4.801348842897551,4.496328889547633
53,46.66706154344002,37.18452111165566,4.699332677719391,4.496328889547633
54,46.73295599884548,38.0097649296987,4.982913852698745,4.496328889547633
55,46.16258322084685,34.59052046144962,4.635084694982388,4.496328889547633
56,46.10918163610991,35.731795620194,4.779292882929954,4.496328889547633
57,45.813137247872035,37.61556785947702,4.9011747545879665,4.496328889547633
58,45.86679535493578,36.08249374597766,4.615939131451185,4.496328889547633
59,46.33340666833681,43.47676464348052,5.091549669373353,4.496328889547633
60,45.981218256409974,34.54246807157513,4.597118602357735,4.496328889547633
61,45.91521615052363,36.09249297684198,4.736335848993347,4.496328889547633
62,46.2730417794291,39.876096355346,4.88728901767908,4.496328889547633
63,46.11896937866684,40.53663520316344,5.1982300031724655,4.496328889547633
64,45.710543745450224,36.34690020798307,4.711758698134118,4.496328889547633
65,45.874680795252345,47.96212879235303,5.356340856487087,4.496328889547633
66,45.37078026467014,40.14324442703238,4.8611972735523805,4.496328889547633
67,45.34307053815978,35.97392657020413,4.686249618861369,4.496328889547633
68,45.008523791894966,35.88782198977485,4.766007025494608,4.496328889547633
69,45.76631377427446,37.67895098909117,4.791566585060682,4.496328889547633
70,45.83935952391905,36.38585749281465,4.732424620730642,4.496328889547633
71,45.54152279576884,37.31479153807534,4.881316147749275,4.496328889547633
72,45.32398457752193,36.7760820666678,4.7699387154812705,4.496328889547633
73,45.37083502811191,36.830793862600025,4.769908822255332,4.496328889547633
74,45.01573358391878,34.37300670243019,4.581680820510022,4.496328889547633
75,45.31654940955687,37.41829253632462,4.7514349174144765,4.496328889547633
76,45.18986108762167,37.986276760207744,4.767102633509958,4.496328889547633
77,45.211350081782484,40.42924364826654,4.900891286870078,4.496328889547633
78,44.97664417210341,36.05923682092807,4.687983705032264,4.496328889547633
79,44.87743242416881,45.46571495898082,5.1730795905816205,4.496328889547633
80,44.87676372666052,38.613252709537136,4.757038681683006,4.496328889547633
81,44.85256035923342,35.40167369475959,4.673557799422659,4.496328889547633
82,44.711140075010796,38.507544314720874,4.73814254212069,4.496328889547633
83,44.16287618670594,35.46524040283657,4.678997687796813,4.496328889547633
84,44.217310512226035,34.381829518970314,4.586902611313292,4.496328889547633
85,44.079594611267446,35.811037975294724,4.684583575254039,4.496328889547633
86,44.053729874669706,36.565699930303374,4.7409111656761285,4.496328889547633
87,43.84535166694097,37.707044555323506,4.896001055457913,4.496328889547633
88,44.71528822333493,43.49050403365568,5.059992752973884,4.496328889547633
89,44.109974696231305,35.755578576151215,4.685959995125512,4.496328889547633
90,44.513714743629635,38.92840775065886,5.064945384130223,4.496328889547633
91,44.15849172035004,47.243307356056924,5.604041901864551,4.496328889547633
92,44.38239047174983,34.81550016834805,4.604472771092963,4.496328889547633
93,44.04153468295947,37.472641725534245,4.922521916369955,4.496328889547633
94,43.84419559731058,37.79858965320906,4.760835263275316,4.496328889547633
95,43.873124174459036,35.251814071835014,4.62912223328734,4.496328889547633
96,44.185863247962395,34.77983787262284,4.582255179587906,4.496328889547633
97,44.01844311962857,35.31006612618074,4.766845140262043,4.496328889547633
98,43.91618574919719,37.309559454920866,4.683340610662603,4.496328889547633
99,43.73432235119879,38.0951551069625,4.867598470367413,4.496328889547633
100,43.72964133441017,36.80903938255617,4.779540575740504,4.496328889547633
