1,242.770902009623,83.91554012878002,7.311738470069237,7.311738470069237
2,81.7656009223352,57.38062506319201,5.945160839177774,5.945160839177774
3,71.35267064655973,51.800153514722524,5.867279388560172,5.867279388560172
4,67.25918092941195,43.48858218538931,5.139298942173333,5.139298942173333
5,64.78517201207154,45.59908752299508,5.188658575352422,5.139298942173333
6,61.98131594446007,52.4221140180991,5.493332602116016,5.139298942173333
7,60.0082114047196,54.56758948016891,5.7089582704566535,5.139298942173333
8,60.04069325036112,45.45084365494711,5.2195551376200875,5.139298942173333
9,58.45475696310108,49.73660321835768,5.37194498325828,5.139298942173333
10,57.5320891366841,56.861751967901334,5.784101565432564,5.139298942173333
11,56.64771657241364,44.475308171725764,5.162322976762141,5.139298942173333
12,56.61799649965587,39.25419218438202,4.982858510026263,4.982858510026263
13,55.58868483711923,59.696522863474385,5.95353455848008,4.982858510026263
14,55.48943953988801,46.5500024534203,5.14562796245653,4.982858510026263
15,55.463789289358196,45.30173354080872,5.240125444463079,4.982858510026263
16,54.89264330730905,41.42919783878977,4.8850307760220915,4.8850307760220915
17,54.600461989667885,40.47488720699341,4.850185429761665,4.850185429761665
18,53.8267159471502,42.29147801928393,4.9189210502686,4.850185429761665
19,53.34056677902069,41.317738773655755,5.1342521615451115,4.850185429761665
20,54.03058730351116,39.09331441265562,4.890321704370223,4.850185429761665
21,53.01914939893511,44.078665622775034,5.134494930487277,4.850185429761665
22,53.40906851962645,37.63637082915238,4.903335708457346,4.850185429761665
23,53.67769083830557,53.633636834084875,5.6649944520632225,4.850185429761665
24,52.58594742744412,41.557416886331424,5.136526676563468,4.850185429761665
25,52.51032031535938,38.28140551808896,4.897036408757247,4.850185429761665
26,51.6783350538148,38.22671027635833,4.848788765743514,4.848788765743514
27,51.73649218786268,57.3259612270859,5.90511412836348,4.848788765743514
28,50.961277107399084,44.640740152774065,5.298544250507201,4.848788765743514
29,51.05648434409346,45.21391104114625,5.519411416949504,4.848788765743514
30,50.88776131372718,38.661709385190186,4.7297038996507865,4.7297038996507865
31,50.99067568829911,36.751668998637854,4.641527503451722,4.641527503451722
32,50.465803099450596,44.1351557788979,5.0839779635652285,4.641527503451722
33,50.3910831794384,54.473785393295714,5.984053328550165,4.641527503451722
34,49.849485553579825,48.00569262330161,5.345801079709266,4.641527503451722
35,50.02600535032382,36.95163387906381,4.75003735707254,4.641527503451722
36,49.97003674219692,53.08976368629186,5.681812634027603,4.641527503451722
37,49.57826261398836,37.044414923491125,4.7064793179364806,4.641527503451722
38,49.22533636037292,36.773517949198315,4.7585038636237735,4.641527503451722
39,49.552985879580724,43.8325618299282,5.428886489253272,4.641527503451722
40,48.34032171993801,43.16994899175068,5.0770709823542175,4.641527503451722
41,49.18562883961172,39.12688091772355,4.793965279945142,4.641527503451722
42,48.45852318782458,50.82823565223538,5.534892685873052,4.641527503451722
43,48.38755321476405,35.86758885912768,4.759622156435262,4.641527503451722
44,48.28352485627829,38.88210511843166,4.852057552160273,4.641527503451722
45,47.87179290056639,38.63498552113088,4.8816670620581855,4.641527503451722
46,47.51751508564938,49.21318389079028,5.513313669487326,4.641527503451722
47,47.55193192222141,38.297075457256625,4.805931718025751,4.641527503451722
48,47.228419117758364,36.539998298687586,4.660124344184246,4.641527503451722
49,47.26949405177396,39.790870359057756,4.9141892434940235,4.641527503451722
50,46.830330689364864,39.599802507943274,5.086147093137303,4.641527503451722
51,46.72655298730402,41.29261110735028,5.069846572450282,4.641527503451722
52,46.83890212739372,36.796731786852064,4.814059702713004,4.641527503451722
53,46.299563317688175,39.33046288913034,5.031977166910757,4.641527503451722
54,46.15257339976879,36.40888829713125,4.74054117788089,4.641527503451722
55,46.372037769439835,38.757709789335244,4.917750162880242,4.641527503451722
56,46.53670265337043,37.09797785404818,4.728662884612299,4.641527503451722
57,46.24314058102126,35.83788025460477,4.746961469466983,4.641527503451722
58,46.09751419267119,40.73130024994521,4.94313356289565,4.641527503451722
59,46.16845762415093,42.921900905885835,5.263454047035743,4.641527503451722
60,45.65500637584007,39.833675074710364,4.890833940405471,4.641527503451722
61,45.91700531016372,37.16340990415362,4.762889888075222,4.641527503451722
62,45.237882351719264,47.78450582283148,5.617820926578756,4.641527503451722
63,45.58803215591899,36.94781847940198,4.842620662776713,4.641527503451722
64,45.18557927745644,38.515246722983484,4.792438277677949,4.641527503451722
65,44.95782815642165,38.32279262791047,4.741474608050616,4.641527503451722
66,44.9908871815281,44.14693231458481,5.464579665579563,4.641527503451722
67,45.76885590062156,34.41194865515863,4.579465924030642,4.579465924030642
68,44.854637192776394,43.59430625049948,5.400835721890378,4.579465924030642
69,45.575990838114244,34.237167391508024,4.571772360757354,4.571772360757354
70,44.710678220838254,34.17552988202544,4.650968413284973,4.571772360757354
71,44.716583880859126,36.33330198052649,4.711212981212826,4.571772360757354
72,44.709434045416465,38.46570642498511,4.850758398236951,4.571772360757354
73,44.36374282850055,38.87001589345252,4.832682323987929,4.571772360757354
74,44.48396743895307,38.09187600927477,4.726946873910221,4.571772360757354
75,44.40750119231957,36.36112400676919,4.730452370214965,4.571772360757354
76,44.832254780484526,33.76353559121536,4.614823168135547,4.571772360757354
77,44.48491212015024,35.78684064577769,4.60244887671852,4.571772360757354
78,44.11735704732771,35.83370921069321,4.739735652405655,4.571772360757354
79,43.61570601090455,37.050784019380345,4.876662384998111,4.571772360757354
80,44.24981013635418,34.85422125176029,4.65620612743399,4.571772360757354
81,44.15605561522176,37.827101734064414,4.808367576055178,4.571772360757354
82,43.92168862707156,35.07629845531107,4.761012865457931,4.571772360757354
83,43.73480768433695,35.17642583450913,4.596795365297491,4.571772360757354
84,43.70092385318663,40.62858220411988,4.897587390102663,4.571772360757354
85,43.65901593015476,37.80618433470469,4.718211990517263,4.571772360757354
86,43.893161559293816,38.689624551062394,4.789046337792242,4.571772360757354
87,43.36632489169256,36.028092537470215,4.715997243031019,4.571772360757354
88,43.459304285262974,35.06774565808461,4.579425766833141,4.571772360757354
89,44.00801856093188,35.064676541389325,4.609878452535157,4.571772360757354
90,42.853222711440246,38.6673258091453,4.720860821226703,4.571772360757354
91,42.758583615231096,34.54188390496497,4.614470470638949,4.571772360757354
92,43.221320454777825,34.35267999108652,4.594834182843316,4.571772360757354
93,43.1643500193702,33.537988782150734,4.512382871529661,4.512382871529661
94,43.22893531265811,35.241498533273734,4.71401148380438,4.512382871529661
95,43.168795575579814,36.152147504755675,4.690523472766439,4.512382871529661
96,43.233285423118495,41.41009684667333,4.976229183435883,4.512382871529661
97,42.96835783624337,41.72612870175574,5.030809914481913,4.512382871529661
98,42.539854449811905,41.19968005639755,4.875732251597131,4.512382871529661
99,42.79126240227332,41.10060627388052,4.876709764815234,4.512382871529661
100,42.81216286801487,36.30953727622839,4.816850668143871,4.512382871529661
