1,294.1874313612047,64.51699826263598,6.302756638831406,6.302756638831406
2,91.195979303563,53.51007071091237,5.685014803957954,5.685014803957954
3,77.28203913326966,85.45435738134887,6.61824429648601,5.685014803957954
4,72.42682506891107,56.63067288762357,5.597280721079098,5.597280721079098
5,68.19109220889122,46.23372269386249,5.337953128802872,5.337953128802872
6,65.31201815005626,43.88939040503883,5.191544721382269,5.191544721382269
7,64.1841971015996,48.61652257674537,5.402268945986044,5.191544721382269
8,61.92213439718017,91.4331605536407,7.324729295081406,5.191544721382269
9,60.89380182521819,48.60492109380298,5.557511539542002,5.191544721382269
10,59.35099659734786,45.37781242162488,5.227742095209395,5.191544721382269
11,58.411254839711546,48.246223855299455,5.3582634142445835,5.191544721382269
12,57.474628264847354,38.89139418533997,4.791747226230269,4.791747226230269
13,56.15762889308844,37.02973298973277,4.711779129113459,4.711779129113459
14,56.4239097771298,43.95382334974635,5.363691491956527,4.711779129113459
15,55.372201742158445,36.89544010339726,4.724423984969837,4.711779129113459
16,54.37201354985725,47.25178115854187,5.291155044735402,4.711779129113459
17,54.54316563831294,37.25288060845164,4.759492582071663,4.711779129113459
18,54.2033478198444,40.79972864660652,5.115226064493991,4.711779129113459
19,53.504330688224265,40.21661148969978,4.951278691253378,4.711779129113459
20,53.27250412045123,46.55223582268353,5.273984725772411,4.711779129113459
21,52.74504323940297,36.214570982590715,4.71292553669314,4.711779129113459
22,52.75748064577929,39.92170972167818,5.102288143869815,4.711779129113459
23,52.4422920282241,37.18032997850299,4.8568720950595505,4.711779129113459
24,53.03151244276193,39.90306270336853,4.953204630918556,4.711779129113459
25,52.93609949020612,41.71362626500848,5.066897513477683,4.711779129113459
26,51.43089288231261,39.059803846232725,5.029357342563353,4.711779129113459
27,51.29333128684396,57.811530627010036,5.700584546424407,4.711779129113459
28,52.298535946784575,36.321910020954775,4.628730206332884,4.628730206332884
29,51.89402185769234,43.80258369918795,5.087996970624268,4.628730206332884
30,50.949325239054716,36.07300212408398,4.807060135275551,4.628730206332884
31,50.26885780494787,36.51700079788426,4.802031910205138,4.628730206332884
32,50.7921686827541,71.34555232029706,6.512241131758291,4.628730206332884
33,51.07093880070599,40.440212967524374,4.922321525332504,4.628730206332884
34,50.67324267685352,37.84841582291775,4.837716397630156,4.628730206332884
35,50.55560251494502,41.130582608425755,4.9768257637757065,4.628730206332884
36,51.23995699112143,35.86726710726885,4.743278633491341,4.628730206332884
37,50.36502806163844,40.11584956056201,4.8929609569495165,4.628730206332884
38,49.530286354382945,38.80895031422321,4.836981823632086,4.628730206332884
39,49.96649366425433,37.90792620115523,4.709167627096916,4.628730206332884
40,50.327306334692324,40.2895654937309,4.880121322130462,4.628730206332884
41,49.228185670637814,36.019244061001174,4.657751602485027,4.628730206332884
42,49.57703836607268,54.31976027941009,5.711963786002796,4.628730206332884
43,49.87804072344258,45.39852051282624,5.189100257225533,4.628730206332884
44,48.72172014589273,37.91488632206878,4.8147750968010765,4.628730206332884
45,49.53409869449943,36.82739966830628,4.686307889367214,4.628730206332884
46,49.3026164371229,42.20803783816428,5.01467211558371,4.628730206332884
47,48.706855081682406,35.57973049090504,4.723307350002603,4.628730206332884
48,48.804974196115694,38.072437402260505,4.876733700680718,4.628730206332884
49,48.81604240488439,39.20611543412986,4.959972277533099,4.628730206332884
50,48.84146272289396,40.724733855217345,4.902600441522947,4.628730206332884
51,48.784666239521314,36.0347949061716,4.745145318822985,4.628730206332884
52,49.39957157598871,40.75621353877825,4.999224774525613,4.628730206332884
53,48.70722050523906,39.302426945401955,4.885102016025645,4.628730206332884
54,48.174047951430566,33.86024193193184,4.526832294404987,4.526832294404987
55,47.574199454438634,35.86017130445562,4.7341252165556105,4.526832294404987
56,48.06852893678229,41.932970050544526,4.9820829085215825,4.526832294404987
57,47.904162918942326,36.99505063841525,4.7758337660598515,4.526832294404987
58,48.18272630650136,36.66729991744929,4.6744832880217615,4.526832294404987
59,48.46629273325585,34.166910068632575,4.529080946106979,4.526832294404987
60,47.984436247113074,37.53459999240561,4.842040847712101,4.526832294404987
61,47.88969960424598,38.22507263722807,4.728464352441588,4.526832294404987
62,46.9233350220607,38.32468853954639,4.801259650403642,4.526832294404987
63,47.429028125306964,39.88552487509929,5.046905418249368,4.526832294404987
64,46.70255590025573,45.196703949258406,5.46968420115008,4.526832294404987
65,48.09068617503724,34.47311251782809,4.5251551543565105,4.5251551543565105
66,47.27450261419903,34.577753549470565,4.537840666419146,4.5251551543565105
67,47.22251312776225,34.82853024004412,4.6330009408419865,4.5251551543565105
68,46.833605125235394,34.15123660684149,4.644460657998337,4.5251551543565105
69,46.526358637742405,37.854638293006744,4.9799821360541365,4.5251551543565105
70,46.855347806094144,35.573144053052985,4.687193111980176,4.5251551543565105
71,47.19699731209834,38.385171995499974,4.987045578977297,4.5251551543565105
72,46.92300544355066,32.98635924328061,4.507994408793724,4.507994408793724
73,46.974465750531,34.08066736683665,4.625298156549084,4.507994408793724
74,46.7981837825532,49.50191217317244,5.4466403859487915,4.507994408793724
75,46.842535890072654,33.23564674864625,4.532135612833079,4.507994408793724
76,46.86827156468995,33.84071925731453,4.5466112537703305,4.507994408793724
77,46.66366276203909,37.72735995619621,4.997779042101468,4.507994408793724
78,46.321079516829684,36.82793534238074,4.877454292973745,4.507994408793724
79,47.071034565031056,39.28474903520559,4.952269597298893,4.507994408793724
80,46.08219493822603,36.20846895689707,4.76570116623691,4.507994408793724
81,47.48118658956067,39.757762569562296,4.961858353257106,4.507994408793724
82,46.365449215911646,42.66825413097895,5.191523890722928,4.507994408793724
83,45.91563752398095,33.19346237182617,4.493613364307761,4.493613364307761
84,46.015894685890444,34.41184381483803,4.62105866093408,4.493613364307761
85,46.39056495721694,35.91411010212434,4.697472368347962,4.493613364307761
86,45.64806341131186,41.88262816711161,5.104492111820947,4.493613364307761
87,46.03614971293608,33.87531133889413,4.57050200507867,4.493613364307761
88,45.47756625131784,37.77227309854298,4.731731296546402,4.493613364307761
89,46.43653353258449,34.18772462961915,4.579737950021705,4.493613364307761
90,46.021063481106495,39.178279517233484,4.864389108562055,4.493613364307761
91,45.94373928836161,33.85098868959525,4.5847271625402914,4.493613364307761
92,46.29745077723846,35.63046013606829,4.7730166511512,4.493613364307761
93,45.982616696306806,42.18995546126913,4.9924307159215715,4.493613364307761
94,46.333903724835984,35.82012782655587,4.632465097672142,4.493613364307761
95,45.61331807450923,33.54444599092487,4.522380514316358,4.493613364307761
96,45.88810176737671,33.29247623545297,4.492055380928243,4.492055380928243
97,45.31349480313923,35.09072848542906,4.653904178758918,4.492055380928243
98,45.365660815316154,35.63328605457928,4.829298233439001,4.492055380928243
99,45.213722521200125,36.54904365421302,4.837247315209916,4.492055380928243
100,45.093515198878734,33.820873524192244,4.5270242803376135,4.492055380928243
