1,194.44743538205066,62.22600950842974,6.395590212798902,6.395590212798902
2,90.09667549205574,49.83233490274031,5.552458146456525,5.552458146456525
3,74.8682418548605,45.94217034592366,5.2987509985851045,5.2987509985851045
4,66.74301322492862,56.296631237770264,5.738061917914564,5.2987509985851045
5,62.37912611007033,49.86250308959734,5.420789705620592,5.2987509985851045
6,60.02461736897867,44.55190937635844,5.246020471391955,5.246020471391955
7,58.923896270236845,42.75253678314152,5.290926106140175,5.246020471391955
8,57.34084827897469,40.38226638576368,5.037113918108151,5.037113918108151
9,56.99525967741522,40.18682706895557,4.909692883713232,4.909692883713232
10,55.59309357824795,44.119919356543015,5.319698314820471,4.909692883713232
11,55.15690536630429,43.47115412722148,5.293744320760066,4.909692883713232
12,55.17406381711523,45.55996347050155,5.223730372259207,4.909692883713232
13,54.55835011843932,41.19087138711039,4.991879169348228,4.909692883713232
14,53.69091096326806,38.426269750009766,4.850803571536685,4.850803571536685
15,53.57842059212638,39.31715792864654,4.888555000527483,4.850803571536685
16,53.2168134884468,39.178914343874716,4.919501662328239,4.850803571536685
17,53.99199434727831,39.645760793384376,4.830812672983395,4.830812672983395
18,52.683541245810375,40.088202983196375,4.818239821016013,4.818239821016013
19,52.10475941473067,40.9946953240789,4.860510192890014,4.818239821016013
20,52.996696512443705,38.41963793960921,4.81865564903264,4.818239821016013
21,52.187338179306785,37.00997581292736,4.711471548157306,4.711471548157306
22,51.477219637122765,44.13481370484836,5.181595314531982,4.711471548157306
23,51.65817000244225,37.66965633494028,4.674628291452293,4.674628291452293
24,51.44125075542307,39.73750247707,5.033293178343137,4.674628291452293
25,50.91357316987251,40.97398518126571,5.00756515720507,4.674628291452293
26,51.599110031160784,41.91362302464428,5.2281998659761815,4.674628291452293
27,50.439457784108036,38.25445171386946,4.73917635109435,4.674628291452293
28,50.77191249099716,40.21534712449113,4.883783954163922,4.674628291452293
29,50.16542991719655,35.44475010294243,4.611878867483405,4.611878867483405
30,50.576393734271306,37.41734429611897,4.661812613783456,4.611878867483405
31,50.821711910193926,39.423730406787776,4.96190289274477,4.611878867483405
32,50.158006861782304,46.38680168241724,5.254901457926684,4.611878867483405
33,50.03178925088796,39.07182270624737,4.97378467197974,4.611878867483405
34,50.03478735707934,38.510177907925986,4.890275592177238,4.611878867483405
35,50.00451452115302,37.359938352505615,4.83986085819592,4.611878867483405
36,49.39037892508827,44.41459289427803,5.344030778746537,4.611878867483405
37,49.45095209909479,42.351993511126636,5.127278980082484,4.611878867483405
38,49.45219686102793,36.19756503971334,4.615442877885945,4.611878867483405
39,49.07077993405428,39.26900561167746,4.82063181120937,4.611878867483405
40,48.762958642773654,36.273547090363664,4.678657888848813,4.611878867483405
41,49.3208667682854,38.036349443789234,4.774164106412771,4.611878867483405
42,48.96810122801031,38.099631854043714,4.84060316801219,4.611878867483405
43,49.14098591740444,36.212841234958034,4.700788101792262,4.611878867483405
44,48.60960524582345,36.56039525674724,4.623514183692436,4.611878867483405
45,48.83874506777909,36.44053916907502,4.715094919317048,4.611878867483405
46,48.72211971936701,37.50466290336178,4.68877795905854,4.611878867483405
47,48.36792373795202,39.899638569140684,5.049116334483554,4.611878867483405
48,49.45495298729245,39.8041689666398,4.784391673987353,4.611878867483405
49,48.12822563258114,43.238456102904514,5.101688032629175,4.611878867483405
50,48.93914590192342,48.98332522511113,5.743408302453757,4.611878867483405
51,48.56632807459291,42.052262605973375,4.97471817546355,4.611878867483405
52,48.30284825862788,39.860877879569045,4.872691644620097,4.611878867483405
53,48.394119802508484,38.49380048076632,4.746686075758062,4.611878867483405
54,48.246700044816585,40.41919340735552,4.863757174279626,4.611878867483405
55,48.127811105211066,35.22883561495588,4.613697610134969,4.611878867483405
56,48.08874527618797,41.00522748328704,4.936938451966808,4.611878867483405
57,47.78908207834568,46.90941669064431,5.2465187564667755,4.611878867483405
58,47.55969247532187,48.915399545479175,5.751643155423736,4.611878867483405
59,47.53480639955401,40.967344975811464,4.882988940982145,4.611878867483405
60,47.733512118106624,37.18198343337284,4.691841622132067,4.611878867483405
61,47.0151480916201,35.690379157542296,4.549386416468942,4.549386416468942
62,47.27662555459364,35.73984056604034,4.573127453325701,4.549386416468942
63,47.63912002913015,38.26651844561506,4.774173429126113,4.549386416468942
64,47.36033987911907,41.78558097621778,5.070858819988745,4.549386416468942
65,47.47815840048006,39.63652463559401,4.784924218023481,4.549386416468942
66,47.31483249854844,36.57296453287937,4.780412746081793,4.549386416468942
67,47.05557020307614,39.130510667208476,4.9650201626024995,4.549386416468942
68,47.34494398007342,35.84993203737243,4.633906045761155,4.549386416468942
69,47.18120509590152,37.73373740397842,4.729491726330771,4.549386416468942
70,47.00960663977139,37.092995881886495,4.727108668630639,4.549386416468942
71,46.72255759086438,37.508556822406085,4.704238752068308,4.549386416468942
72,46.81728934872122,33.49761142955385,4.467524555109335,4.467524555109335
73,46.952140475847045,37.489035739413865,4.846699893807153,4.467524555109335
74,47.36131354245571,35.87130380430653,4.733908140651942,4.467524555109335
75,46.621552015640304,41.83769377668822,4.910647198936618,4.467524555109335
76,46.7265385674067,37.91984664529137,4.702842646183172,4.467524555109335
77,46.72160417883305,36.7303580516477,4.702328068827223,4.467524555109335
78,46.71684584635683,37.73996989799448,4.730340731786928,4.467524555109335
79,46.67011964977342,37.94633481521748,4.792340091201583,4.467524555109335
80,46.18493697205536,39.44247870022513,4.812890262686533,4.467524555109335
81,46.337356783413206,36.86437661205843,4.766428016241633,4.467524555109335
82,46.53104204735672,35.90758618226498,4.757034441291067,4.467524555109335
83,46.32291028649898,34.22480457847487,4.541429885041248,4.467524555109335
84,46.07034482052521,41.20373196728985,4.914456823340721,4.467524555109335
85,46.348425087450785,35.2294808876714,4.626460229692737,4.467524555109335
86,45.94735493241119,41.60954027832182,5.2355639533972935,4.467524555109335
87,46.03689758617468,35.07594661393375,4.67080592458764,4.467524555109335
88,45.898685778973636,37.307290630021306,4.738694547498293,4.467524555109335
89,47.01723571209673,35.87061887694972,4.7036823336559275,4.467524555109335
90,46.22525165280596,34.97287220313397,4.620184757069483,4.467524555109335
91,45.55530692694148,41.04522014033772,4.879040984729027,4.467524555109335
92,45.46724714120831,36.06347176042759,4.628353844942399,4.467524555109335
93,45.612932951188355,39.618345741891595,4.9590183832744446,4.467524555109335
94,45.88285693813512,37.88465631133787,4.831996965024017,4.467524555109335
95,45.51838978745385,40.52697495651481,4.855857702492928,4.467524555109335
96,45.4365679145311,34.00138084236613,4.57509575907074,4.467524555109335
97,45.14224536487081,38.39899780405876,4.732464676234416,4.467524555109335
98,45.49613792059383,34.21000238360637,4.505742219096005,4.467524555109335
99,45.570083821710945,37.574955097725876,4.871093035778937,4.467524555109335
100,45.184112410064074,35.97188223539046,4.713318299153394,4.467524555109335
